solver_type MCSVM_CS
nr_class 7
label 1 2 3 4 5 6 7
nr_feature 150
bias 8.000000000000000
w
0.01804741277754903 -0.01450185505946600 0.1723244061860592 -0.06345293081426440 -0.04614917440665921 0.01470620471586714 -0.08097406339908847 
0.08780064499922170 0.1793907898745684 -1.284779574395323e-17 0.04716150265395734 -3.347474207548995e-18 -0.3143529375277476 2.710505431213761e-20 
-0.1313016197659989 -0.3673511169355135 -0.1295147059131716 0.7265961187977804 -0.07648891861708193 -0.02193975756601420 -5.421010862427522e-19 
-0.02808561647875412 -0.05460957844773901 -0.04262348756930968 0.05456301347555106 0.01476963902080530 -0.02162166291761690 0.07760769291706389 
0.8294650396427077 -0.1648520728795014 -0.1657122350103230 -0.1873055209465925 -0.09163758920820285 -0.1622353590147478 -0.05772226258334490 
0.02254248962349227 0.02144969906737523 -0.3107697572175500 0.1031294832101173 -0.04224086610314295 0.02411147815209797 0.1817774732676095 
-0.1058497563920212 -0.08210999692890522 -0.05754088747057851 -0.03609782872206611 -0.03090586206369597 0.3125043315772667 0 
-0.1058497563920212 -0.08210999692890522 -0.05754088747057851 -0.03609782872206611 -0.03090586206369597 0.3125043315772667 0 
-0.1058497563920212 -0.08210999692890522 -0.05754088747057851 -0.03609782872206611 -0.03090586206369597 0.3125043315772667 0 
-0.1058497563920212 -0.08210999692890522 -0.05754088747057851 -0.03609782872206611 -0.03090586206369597 0.3125043315772667 0 
-0.1058497563920212 -0.08210999692890522 -0.05754088747057851 -0.03609782872206611 -0.03090586206369597 0.3125043315772667 0 
-0.1058497563920212 -0.08210999692890522 -0.05754088747057851 -0.03609782872206611 -0.03090586206369597 0.3125043315772667 0 
-0.1058497563920212 -0.08210999692890522 -0.05754088747057851 -0.03609782872206611 -0.03090586206369597 0.3125043315772667 0 
-0.1058497563920212 -0.08210999692890522 -0.05754088747057851 -0.03609782872206611 -0.03090586206369597 0.3125043315772667 0 
-0.03964509672372787 -0.06838106182575415 -7.643625316022806e-18 0.02926012501035606 3.794707603699266e-19 0.07876603353912581 1.355252715606881e-20 
-0.03964509672372787 -0.06838106182575415 -7.643625316022806e-18 0.02926012501035606 3.794707603699266e-19 0.07876603353912581 1.355252715606881e-20 
-0.03964509672372787 -0.06838106182575415 -7.643625316022806e-18 0.02926012501035606 3.794707603699266e-19 0.07876603353912581 1.355252715606881e-20 
-0.04435945770785255 -0.1074508737562066 5.057803134644878e-17 0.09893548181543836 1.886511780124778e-17 0.05287484964862070 3.354250471127029e-19 
-0.1972562812121566 -0.1052257703418897 0.3251427601684947 -0.09285654430210459 -0.05228908797480594 0.2426835200323784 -0.1201985963699158 
-0.01614572014023392 -0.2530579884352000 0.4736050537650096 -0.05806714207363656 -0.04671046295241534 -0.08564841616119619 -0.01397532400232816 
0.8241179349657186 -0.1684649509863949 -0.1727366585791583 -0.09979118328017700 -0.1853192431427962 -0.1705587578008677 -0.02724714117631456 
-0.1806552282090242 -0.2479681599054751 -0.1500420666298670 -0.2631236524652084 -0.1043999260562644 0.7524051067689722 0.1937839264968659 
-3.469446951953614e-18 -0.04402368346841185 8.809142651444724e-19 0.2046034083394769 1.151964808265849e-18 -0.1605797248710653 -1.002887009549092e-18 
-3.469446951953614e-18 -0.04402368346841185 8.809142651444724e-19 0.2046034083394769 1.151964808265849e-18 -0.1605797248710653 -1.002887009549092e-18 
-3.469446951953614e-18 -0.04402368346841185 8.809142651444724e-19 0.2046034083394769 1.151964808265849e-18 -0.1605797248710653 -1.002887009549092e-18 
-0.03072271313761513 0 3.577867169202165e-18 0.4277199731716106 0 -0.3969972600339948 -1.084202172485504e-19 
-3.469446951953614e-18 -0.04402368346841185 8.809142651444724e-19 0.2046034083394769 1.151964808265849e-18 -0.1605797248710653 -1.002887009549092e-18 
-3.469446951953614e-18 -0.04402368346841185 8.809142651444724e-19 0.2046034083394769 1.151964808265849e-18 -0.1605797248710653 -1.002887009549092e-18 
-0.07405618825389694 -0.2071918344917518 -0.07304834060575453 0.4098116919969134 -0.04314095870666839 -0.01237436993884182 4.336808689942018e-19 
-3.469446951953614e-18 -0.04402368346841185 8.809142651444724e-19 0.2046034083394769 1.151964808265849e-18 -0.1605797248710653 -1.002887009549092e-18 
-0.03072271313761513 0 3.577867169202165e-18 0.4277199731716106 0 -0.3969972600339948 -1.084202172485504e-19 
-3.469446951953614e-18 -0.04402368346841185 8.809142651444724e-19 0.2046034083394769 1.151964808265849e-18 -0.1605797248710653 -1.002887009549092e-18 
-0.03072271313761513 0 3.577867169202165e-18 0.4277199731716106 0 -0.3969972600339948 -1.084202172485504e-19 
-3.469446951953614e-18 -0.04402368346841185 8.809142651444724e-19 0.2046034083394769 1.151964808265849e-18 -0.1605797248710653 -1.002887009549092e-18 
-0.07405618825389694 -0.2071918344917518 -0.07304834060575453 0.4098116919969134 -0.04314095870666839 -0.01237436993884182 4.336808689942018e-19 
-3.469446951953614e-18 -0.04402368346841185 8.809142651444724e-19 0.2046034083394769 1.151964808265849e-18 -0.1605797248710653 -1.002887009549092e-18 
-3.469446951953614e-18 -0.04402368346841185 8.809142651444724e-19 0.2046034083394769 1.151964808265849e-18 -0.1605797248710653 -1.002887009549092e-18 
-0.2159091011360767 -0.2417805887022832 -0.1214711984573929 0.05694676526216314 -0.07820113845176670 0.6765970855998853 -0.07618182411453182 
1.254601396350423e-05 -0.001895702535237922 -0.07269031909081780 -0.07048610246707403 -0.04258168088581203 0.008383651678608890 0.1792576072863699 
0.1369568279031083 0.05418860983171640 -0.2651990544561348 -1.487389855378551e-18 4.770489558936220e-18 0.07405361672130943 -4.336808689942018e-19 
-0.3451143534267201 0.5304057358324382 0.1189353694009488 -0.05371827975912404 -0.04321214419979649 -0.1943676673751947 -0.01292866047255168 
-0.1173558790729100 0.2542945802911286 -0.07863390287214232 0.03042447023837715 -0.04634703655284316 0.07311039739735727 -0.1154926294289675 
3.133344278483108e-17 -0.3150924437672730 6.505213034913027e-19 -9.757819552369540e-19 1.626303258728257e-19 -0.1127508673310738 0.4278433110983463 
-0.2188247720097433 -0.2201124107718806 -0.1338073318440396 -0.08035376887607099 -0.1254464288662707 0.8283752935518630 -0.04983058118385999 
-0.05087278141794599 -0.07724990509904399 1.439278383974507e-17 0.06748419344981947 1.374226253625377e-17 0.06063849306717036 3.252606517456513e-19 
-0.05087278141794599 -0.07724990509904399 1.439278383974507e-17 0.06748419344981947 1.374226253625377e-17 0.06063849306717036 3.252606517456513e-19 
-0.05087278141794599 -0.07724990509904399 1.439278383974507e-17 0.06748419344981947 1.374226253625377e-17 0.06063849306717036 3.252606517456513e-19 
-0.02273310410152432 -0.03921074547731521 5.434563389583591e-18 0.01677820267458010 5.421010862427522e-20 0.04516564690425921 0 
-9.730714498057402e-18 -0.04597803988097812 -2.168404344971009e-19 0.04597803988097816 6.613633252161577e-18 1.734723475976807e-18 1.694065894508601e-21 
-0.02273310410152432 -0.03921074547731521 5.434563389583591e-18 0.01677820267458010 5.421010862427522e-20 0.04516564690425921 0 
-0.02273310410152432 -0.03921074547731521 5.434563389583591e-18 0.01677820267458010 5.421010862427522e-20 0.04516564690425921 0 
-0.02273310410152432 -0.03921074547731521 5.434563389583591e-18 0.01677820267458010 5.421010862427522e-20 0.04516564690425921 0 
-0.02273310410152432 -0.03921074547731521 5.434563389583591e-18 0.01677820267458010 5.421010862427522e-20 0.04516564690425921 0 
-9.730714498057402e-18 -0.04597803988097812 -2.168404344971009e-19 0.04597803988097816 6.613633252161577e-18 1.734723475976807e-18 1.694065894508601e-21 
-0.05087278141794599 -0.07724990509904399 1.439278383974507e-17 0.06748419344981947 1.374226253625377e-17 0.06063849306717036 3.252606517456513e-19 
-9.730714498057402e-18 -0.04597803988097812 -2.168404344971009e-19 0.04597803988097816 6.613633252161577e-18 1.734723475976807e-18 1.694065894508601e-21 
-0.03402193629981330 -0.05239628458916508 0.4630417767736668 -0.01013972078910420 -0.02548070256184565 -0.3410031325337386 0 
-0.03402193629981330 -0.05239628458916508 0.4630417767736668 -0.01013972078910420 -0.02548070256184565 -0.3410031325337386 0 
-0.03315703168353634 -0.04328850380658305 0.2263345182381288 -0.01515259205790683 -0.02254811979693779 -0.1121882708931651 -9.757819552369540e-19 
-0.09440883925462985 -0.08231616453630998 0.3503863367475483 -0.04780181360210067 -0.04987469201261460 -0.07598482734189295 1.355252715606881e-20 
-0.03315703168353634 -0.04328850380658305 0.2263345182381288 -0.01515259205790683 -0.02254811979693779 -0.1121882708931651 -9.757819552369540e-19 
-0.05527791413627064 -0.05333630978782717 0.2298994264703373 -0.03355891026425317 -0.03040206664580459 -0.05332795651276321 -0.003996269123418684 
-0.05527791413627064 -0.05333630978782717 0.2298994264703373 -0.03355891026425317 -0.03040206664580459 -0.05332795651276321 -0.003996269123418684 
-0.009106441278720092 -0.1427287040640346 0.2671207337893110 -0.03275078565241407 -0.02634543918038189 -0.04830706005139594 -0.007882303562363429 
-0.1161222096810345 -0.08586376742868582 0.5044909642788481 -0.04515015424342880 -0.05603684338942400 -0.2011181377526679 -0.0001998517836065254 
-0.05527791413627064 -0.05333630978782717 0.2298994264703373 -0.03355891026425317 -0.03040206664580459 -0.05332795651276321 -0.003996269123418684 
-4.870778259891129e-17 -0.2008452575726540 0.3251784361756347 9.757819552369540e-19 -3.523657060577889e-19 -0.1243331786029806 -8.673617379884035e-19 
-4.870778259891129e-17 -0.2008452575726540 0.3251784361756347 9.757819552369540e-19 -3.523657060577889e-19 -0.1243331786029806 -8.673617379884035e-19 
-0.05527791413627064 -0.05333630978782717 0.2298994264703373 -0.03355891026425317 -0.03040206664580459 -0.05332795651276321 -0.003996269123418684 
-0.05527791413627064 -0.05333630978782717 0.2298994264703373 -0.03355891026425317 -0.03040206664580459 -0.05332795651276321 -0.003996269123418684 
-0.09440883925462985 -0.08231616453630998 0.3503863367475483 -0.04780181360210067 -0.04987469201261460 -0.07598482734189295 1.355252715606881e-20 
-0.09440883925462985 -0.08231616453630998 0.3503863367475483 -0.04780181360210067 -0.04987469201261460 -0.07598482734189295 1.355252715606881e-20 
-0.03315703168353634 -0.04328850380658305 0.2263345182381288 -0.01515259205790683 -0.02254811979693779 -0.1121882708931651 -9.757819552369540e-19 
-0.1161222096810345 -0.08586376742868582 0.5044909642788481 -0.04515015424342880 -0.05603684338942400 -0.2011181377526679 -0.0001998517836065254 
-0.03315703168353634 -0.04328850380658305 0.2263345182381288 -0.01515259205790683 -0.02254811979693779 -0.1121882708931651 -9.757819552369540e-19 
-0.009106441278720092 -0.1427287040640346 0.2671207337893110 -0.03275078565241407 -0.02634543918038189 -0.04830706005139594 -0.007882303562363429 
-0.03315703168353634 -0.04328850380658305 0.2263345182381288 -0.01515259205790683 -0.02254811979693779 -0.1121882708931651 -9.757819552369540e-19 
-0.1161222096810345 -0.08586376742868582 0.5044909642788481 -0.04515015424342880 -0.05603684338942400 -0.2011181377526679 -0.0001998517836065254 
-0.03315703168353634 -0.04328850380658305 0.2263345182381288 -0.01515259205790683 -0.02254811979693779 -0.1121882708931651 -9.757819552369540e-19 
-0.009106441278720092 -0.1427287040640346 0.2671207337893110 -0.03275078565241407 -0.02634543918038189 -0.04830706005139594 -0.007882303562363429 
-0.09440883925462985 -0.08231616453630998 0.3503863367475483 -0.04780181360210067 -0.04987469201261460 -0.07598482734189295 1.355252715606881e-20 
-0.09440883925462985 -0.08231616453630998 0.3503863367475483 -0.04780181360210067 -0.04987469201261460 -0.07598482734189295 1.355252715606881e-20 
-0.03315703168353634 -0.04328850380658305 0.2263345182381288 -0.01515259205790683 -0.02254811979693779 -0.1121882708931651 -9.757819552369540e-19 
-4.870778259891129e-17 -0.2008452575726540 0.3251784361756347 9.757819552369540e-19 -3.523657060577889e-19 -0.1243331786029806 -8.673617379884035e-19 
-0.03315703168353634 -0.04328850380658305 0.2263345182381288 -0.01515259205790683 -0.02254811979693779 -0.1121882708931651 -9.757819552369540e-19 
-4.870778259891129e-17 -0.2008452575726540 0.3251784361756347 9.757819552369540e-19 -3.523657060577889e-19 -0.1243331786029806 -8.673617379884035e-19 
-0.03402193629981330 -0.05239628458916508 0.4630417767736668 -0.01013972078910420 -0.02548070256184565 -0.3410031325337386 0 
-0.05527791413627064 -0.05333630978782717 0.2298994264703373 -0.03355891026425317 -0.03040206664580459 -0.05332795651276321 -0.003996269123418684 
-0.09440883925462985 -0.08231616453630998 0.3503863367475483 -0.04780181360210067 -0.04987469201261460 -0.07598482734189295 1.355252715606881e-20 
-0.05527791413627064 -0.05333630978782717 0.2298994264703373 -0.03355891026425317 -0.03040206664580459 -0.05332795651276321 -0.003996269123418684 
-0.03315703168353634 -0.04328850380658305 0.2263345182381288 -0.01515259205790683 -0.02254811979693779 -0.1121882708931651 -9.757819552369540e-19 
-0.009106441278720092 -0.1427287040640346 0.2671207337893110 -0.03275078565241407 -0.02634543918038189 -0.04830706005139594 -0.007882303562363429 
-0.03315703168353634 -0.04328850380658305 0.2263345182381288 -0.01515259205790683 -0.02254811979693779 -0.1121882708931651 -9.757819552369540e-19 
-0.03315703168353634 -0.04328850380658305 0.2263345182381288 -0.01515259205790683 -0.02254811979693779 -0.1121882708931651 -9.757819552369540e-19 
-0.009106441278720092 -0.1427287040640346 0.2671207337893110 -0.03275078565241407 -0.02634543918038189 -0.04830706005139594 -0.007882303562363429 
-0.05527791413627064 -0.05333630978782717 0.2298994264703373 -0.03355891026425317 -0.03040206664580459 -0.05332795651276321 -0.003996269123418684 
-0.05527791413627064 -0.05333630978782717 0.2298994264703373 -0.03355891026425317 -0.03040206664580459 -0.05332795651276321 -0.003996269123418684 
-0.009106441278720092 -0.1427287040640346 0.2671207337893110 -0.03275078565241407 -0.02634543918038189 -0.04830706005139594 -0.007882303562363429 
-0.05527791413627064 -0.05333630978782717 0.2298994264703373 -0.03355891026425317 -0.03040206664580459 -0.05332795651276321 -0.003996269123418684 
-0.009106441278720092 -0.1427287040640346 0.2671207337893110 -0.03275078565241407 -0.02634543918038189 -0.04830706005139594 -0.007882303562363429 
-0.05527791413627064 -0.05333630978782717 0.2298994264703373 -0.03355891026425317 -0.03040206664580459 -0.05332795651276321 -0.003996269123418684 
-0.05527791413627064 -0.05333630978782717 0.2298994264703373 -0.03355891026425317 -0.03040206664580459 -0.05332795651276321 -0.003996269123418684 
-0.03315703168353634 -0.04328850380658305 0.2263345182381288 -0.01515259205790683 -0.02254811979693779 -0.1121882708931651 -9.757819552369540e-19 
-0.05527791413627064 -0.05333630978782717 0.2298994264703373 -0.03355891026425317 -0.03040206664580459 -0.05332795651276321 -0.003996269123418684 
-0.1705098758166523 0.6752273177463958 -0.1428869354973414 -0.08642132121814045 -0.08319009783706771 -0.1922190873771933 0 
-0.1126573796630344 -0.003098970816836205 -6.060690144193970e-17 0.04858878561892411 4.279888075886529e-17 0.06716756486094590 -2.588532686809142e-18 
-0.1831828041692092 -0.1821902593734543 -0.1612138629752895 -0.1068595356098769 -0.09374004536972970 0.7331024996755571 -0.005915992177997470 
-0.01145337396150270 0.001890813972308591 -0.02290501025766828 0.09323446040206126 -0.01720501265009820 -0.04356187750510072 -3.035766082959412e-18 
0.8561053576291060 -0.1514989382519180 -0.1470195916189782 -0.08602462735313383 -0.07486392132801997 -0.2672048447473936 -0.1294934343296629 
-0.2570140054773362 -0.2144726824060332 -0.04686241052369102 -0.01468996870245726 -0.01349023176778269 0.5465292988773007 -2.439454888092385e-19 
-0.2003004729365482 -0.2209123193508205 -0.1745514453638458 -0.08399435538762763 -0.1331190233378367 0.8144654325293034 -0.001587816152627135 
-0.2248335750648224 -0.2251274898549331 -0.1590813269584417 -0.09999465430897587 -0.09857873294688939 0.9337376373663933 -0.1261218582323291 
-0.2380107250500386 -0.04293523394380142 -0.06518959451929181 -0.1019017321023115 -0.04896691971503010 0.4970042053304736 0 
-0.1756849766761797 -0.2286659172089384 7.792703114739563e-19 -0.1524091283741063 -0.04151153270439700 0.6509978391508517 -0.05272628418722930 
-0.2449662095551258 -0.2338160992444313 1.951563910473908e-18 -0.2092495318125042 2.168404344971009e-19 0.8284881137756415 -0.1404562731635804 
2.103352214621879e-17 -0.2270675554095200 -3.686287386450715e-18 2.873135757086587e-18 1.355252715606881e-20 -0.08125254769384360 0.3083201031033637 
2.103352214621879e-17 -0.2270675554095200 -3.686287386450715e-18 2.873135757086587e-18 1.355252715606881e-20 -0.08125254769384360 0.3083201031033637 
-0.2570140054773362 -0.2144726824060332 -0.04686241052369102 -0.01468996870245726 -0.01349023176778269 0.5465292988773007 -2.439454888092385e-19 
-0.1341021244723030 -0.2355197109803429 -0.1280129243902997 0.8547622978280708 -0.06543392253124690 -0.2890790956108213 -0.002614519843057414 
-0.1102384420279375 0.6722794457518957 -0.09488765432960147 0.02810001895965016 -0.03824445930854099 -0.4570089090454650 -2.005774019098183e-18 
-0.1015841098221792 -0.2265328112056141 -0.07562631769066946 0.07616288302615380 -8.673617379884035e-19 0.3275803556923094 -3.049318610115481e-19 
-0.01908329885073565 -0.07254244466535846 -0.01821677995415552 0.3030172047954734 -0.009311523613464998 -0.1834911004925869 -0.0003720572191721535 
0.6710059250149863 -0.1699458351242896 -0.1412119289550716 -0.08954481406804043 -0.09235035479873899 -0.1667810534857824 -0.01117193858306428 
-0.03341358777119029 -0.3002789192000088 -0.04745589720636861 0.03468245495436729 -0.03043824911544044 0.5159137723809708 -0.1390095740423293 
-0.05453098511411728 -0.1885171463857488 0.2190675127529192 0.03557091356545027 -0.02160607209989822 0.01648010751767200 -0.006464330236275842 
-0.1972284008667840 -0.1088940334304004 -0.005280926996713842 0.003897270251461279 -0.01611754468304721 0.3236236357254846 2.873135757086587e-18 
-0.4385766458295802 0.8239583312609284 -0.1425532854962253 -0.03477501560515311 -0.06851498248864317 -0.1395384018413278 -1.490777987167569e-18 
0.2844174192207060 -0.09133400761968376 -0.06009447564700450 -0.02960878509893860 -0.02534610561948676 -0.07803404523559263 -2.331034670843835e-18 
-0.1067265907187173 -0.01224534276045674 -0.07001472018706860 0.1032694618587385 -0.03578808779338176 0.1229352514268348 -0.001429971825946934 
0.1050389751852647 0.1034238964989771 -0.1504364756928146 -0.3398104721749605 0.05215749439742341 0.1088884041127682 0.1207381776733418 
0.06319061702691390 0.01902548755109337 0.007805858604300190 -0.01005311961808332 0.07536985675078077 -0.03381331527169855 -0.1215253850433056 
-0.2957111304159382 0.6455672767011909 -0.09479355419917220 -0.06796743096433282 -0.06540251247190881 -0.1369240170338009 0.01523136838396195 
-0.02193900427809713 0.002471577202362150 -0.05903992285986179 0.07800720139273105 -0.01703617593891657 0.01939799347270890 -0.001861668990926882 
0.02342363795441037 0.04304189862668050 0.03543341466341580 0.03743384944668025 0.1096600335844956 0.03512847876244988 -0.2841213130381390 
-0.1122375676683775 -0.1897780216940509 -0.07511697101355722 -0.07427846788271732 -0.05190153260483794 0.5034127809197741 -0.0001002200562340829 
-0.1155962594609570 -0.005497189078679485 -0.01693582343951665 -0.002884327852846041 -0.1119350110169919 0.1355141764320618 0.1173344344169293 
-0.2317198685262565 0.4761898791088666 -0.09409455943783468 0.0004728423303770606 -0.06601915613178994 -0.08482913734336545 2.701018662204513e-17 
-0.1478240847625450 -0.2650656010092209 -0.1410874798161234 -0.2319032001416586 -0.08914032676884986 0.8649736597018953 0.01004703279650707 
-0.2112070702585298 -0.1915208604896340 -0.1802617497558060 -0.1246488240644402 -0.1186848723288765 0.8820745600155061 -0.05575118311821872 
-0.2389643864656493 0.8475686252104780 -0.1795465943437092 -0.07473331321205003 -0.1432661369033609 -0.2104115410429281 -0.0006466532427802764 
-0.1209596414794763 0.02663931309443479 0.03945761822599032 0.09826380266421296 0.04164548636297222 -0.08504657886813488 1.040834085586084e-17 
-0.3680696108417491 0.2004385824985331 -0.009100128926720300 -0.02003115980443901 -0.02777386142417282 0.2245361784985495 -2.059984127722458e-18 
0.4438540134586296 -0.2373288369573193 -0.08622812773737214 -0.04314261912286055 -0.04057220272249472 -0.03628566951787143 -0.0002965574007097495 
-0.06854450116790570 0.03422334842502374 0.02786145413911647 -0.03683910715009801 0.05453296185197717 0.01882531455603169 -0.03005947065414510 
-0.1910754129581742 -0.1831670648892902 -0.1803987120565832 -0.1387006100862382 -0.1047382929801306 0.8330334678226137 -0.03495337485219608 
-0.03341358777119041 -0.02313070950191573 -0.04745589720636857 -0.007852120037638839 -0.03043824911544045 -0.01933067707357346 0.1616212407061274 
-0.2895183449570791 -0.001576310125470303 -1.931235119739805e-19 7.155734338404330e-18 1.626303258728257e-18 0.2910946550825506 0 
-0.2378393047618401 -0.07072501029142962 -0.07715976364011735 0.01825656048249637 -0.05391375588411665 0.4217254665775731 -0.0003441924825669290 
0.6312174216794362 -0.1941040314495866 -0.1062628538944220 -0.05392985927807727 -0.1033346412865429 -0.1735860357708089 -9.215718466126788e-19 
-0.2377652792130950 0.3988794002260484 -0.04335271185735654 -0.01358978279679522 -0.01247989858357758 -0.09169172777522430 -1.111307226797642e-18 
0.006369844463924272 0.005865884397361791 0.006362631021419985 -0.002140341986714881 -0.005487588272493455 0.005827203002271244 -0.01679763262577032 
